Please enter seed 'x0' value: 3
Generating random numbers uniformly from (0,1): 

0.07171314741035857
0.4302788844621514
0.5816733067729084
0.4900398406374502
0.9402390438247012
0.6414342629482072
0.848605577689243
0.09163346613545817
0.549800796812749
0.29880478087649404
0.7928286852589641
0.7569721115537849
0.5418326693227091
0.250996015936255
0.5059760956175299
0.035856573705179286
0.2151394422310757
0.2908366533864542
0.7450199203187251
0.4701195219123506
0.8207171314741036
0.9243027888446215
0.545816733067729
0.2749003984063745
0.649402390438247
0.896414342629482
0.3784860557768924
0.27091633466135456
0.6254980079681275
0.7529880478087649
0.5179282868525896
0.10756972111553785
0.6454183266932271
0.8725099601593626
0.2350597609561753
0.4103585657370518
0.46215139442231074
0.7729083665338645
0.6374501992031872
0.8247011952191236
0.9482071713147411
0.6892430278884463
0.13545816733067728
0.8127490039840638
0.8764940239043825
0.2589641434262948
0.5537848605577689
0.32270916334661354
0.9362549800796812
0.6175298804780877
0.7051792828685259
0.23107569721115537
0.38645418326693226
0.3187250996015936
0.9123505976095617
0.47410358565737054
0.8446215139442231
0.06772908366533864
0.4063745019920319
0.43824701195219123
0.6294820717131474
0.7768924302788844
0.6613545816733067
0.9681274900398407
0.8087649402390438
0.852589641434263
0.11553784860557768
0.6932270916334662
0.1593625498007968
0.9561752988047809
0.7370517928286853
0.42231075697211157
0.5338645418326693
0.20318725099601595
0.21912350597609562
0.3147410358565737
0.8884462151394422
0.33067729083665337
0.9840637450199203
0.9043824701195219
0.4262948207171315
0.5577689243027888
0.3466135458167331
0.0796812749003984
0.47808764940239046
0.8685258964143426
0.21115537848605578
0.26693227091633465
0.601593625498008
0.6095617529880478
0.6573705179282868
0.9442231075697212
0.6653386454183267
0.9920318725099602
0.952191235059761
0.7131474103585658
0.2788844621513944
0.6733067729083665
0.0398406374501992
0.23904382470119523