Please enter seed 'x0' value: 3

 Random Numbers in range:  32

 Number of gaps :  31

 Printing Gap length and fo: 

{1: 8, 5: 1, 3: 3, 2: 6, 0: 9, 6: 1, 8: 2, 11: 1}

 Printing fe values: 

[6.51, 1.5630509999999993, 3.1898999999999993, 4.556999999999999, 9.299999999999999, 1.0941356999999996, 0.5361264929999997, 0.18389138709899988]

 X2 chi :  8.648806634645176

 Table value:  52.19139483319193

 Random Numbers are independent!
Generating random numbers uniformly from (0,1)

0.07
0.43
0.58
0.49
0.94
0.64
0.85
0.09
0.55
0.3
0.79
0.76
0.54
0.25
0.51
0.04
0.22
0.29
0.75
0.47
0.82
0.92
0.55
0.27
0.65
0.9
0.38
0.27
0.63
0.75
0.52
0.11
0.65
0.87
0.24
0.41
0.46
0.77
0.64
0.82
0.95
0.69
0.14
0.81
0.88
0.26
0.55
0.32
0.94
0.62
0.71
0.23
0.39
0.32
0.91
0.47
0.84
0.07
0.41
0.44
0.63
0.78
0.66
0.97
0.81
0.85
0.12
0.69
0.16
0.96
0.74
0.42
0.53
0.2
0.22
0.31
0.89
0.33
0.98
0.9
0.43
0.56
0.35
0.08
0.48
0.87
0.21
0.27
0.6
0.61
0.66
0.94
0.67
0.99
0.95
0.71
0.28
0.67
0.04
0.24